0.813346
0.813346
0.813346
0.813346
0.813346
0.813346
0.813346
0.813346
0.813346
0.813346
0.813346
0.813346
0.813346
0.813346
0.813346
0.813346
0.813346
0.813346
0.813346
0.813346
0.813346
0.813346
0.813346
0.813346
0.813346
0.813346
0.813346
0.813346
0.813346
0.813346
0.813346
0.813346
0.813346
0.813346
0.813346
0.813346
0.813346
0.813346
0.813346
0.813346
0.813346
0.813346
0.813346
0.813346
0.813346
0.813346
0.813346
0.813346
0.813346
0.813346
0.813346
0.813346
0.813346
0.813346
0.813346
0.813346
0.813346
0.813346
0.813346
0.813346
0.812791
0.812235
0.811679
0.811124
0.810568
0.810013
0.809457
0.808901
0.808346
0.80779
0.807235
0.806679
0.806013
0.805346
0.804679
0.804012
0.803346
0.802679
0.802012
0.801346
0.800679
0.800012
0.799518
0.799024
0.798531
0.798037
0.797543
0.797049
0.796555
0.796062
0.795568
0.795074
0.79458
0.794086
0.793592
0.793099
0.792605
0.792111
0.791617
0.791123
0.790629
0.790136
0.789642
0.789148
0.788654
0.78816
0.787666
0.787173
0.786679
0.786073
0.785466
0.78486
0.784254
0.783648
0.783042
0.782436
0.78183
0.781224
0.780618
0.780012
0.779406
0.7788
0.778194
0.777588
0.776982
0.776376
0.77577
0.775163
0.774557
0.773951
0.773345
0.772133
0.770921
0.769709
0.768497
0.767284
0.766072
0.76486
0.763648
0.762436
0.761224
0.760012
0.758678
0.757345
0.756012
0.754678
0.753345
0.752012
0.750678
0.749345
0.748012
0.746678
0.746678
0.746678
0.746678
0.746678
0.746678
0.746678
0.746678
0.746678
0.746678
0.746678
0.746123
0.745567
0.745012
0.744456
0.7439
0.743345
0.742789
0.742234
0.741678
0.741123
0.740567
0.740011
0.738799
0.737587
0.736375
0.735163
0.733951
0.732738
0.731526
0.730314
0.729102
0.72789
0.726678
0.725844
0.725011
0.724178
0.723344
0.722511
0.721678
0.720844
0.720011
0.720011
0.720011
0.720011
0.720011
0.720011
0.720011
0.720011
0.720011
0.720011
0.720011
0.720011
0.720011
0.719178
0.718344
0.717511
0.716678
0.715844
0.715011
0.714178
0.713344
0.713344
0.713344
0.713344
0.713344
0.713344
0.713344
0.713344
0.713344
0.713344
0.713345
0.711526
0.709708
0.70789
0.706072
0.704253
0.702435
0.700617
0.698799
0.69698
0.695162
0.693344
0.692603
0.691863
0.691122
0.690381
0.68964
0.6889
0.688159
0.687418
0.686677
0.685937
0.685196
0.684455
0.683714
0.682973
0.682233
0.681492
0.680751
0.68001
0.677788
0.675566
0.673344
0.671121
0.668899
0.666677
0.665566
0.664455
0.663343
0.662232
0.661121
0.66001
0.66001
0.66001
0.66001
0.66001
0.66001
0.66001
0.658677
0.657343
0.65601
0.654677
0.653343
0.652232
0.526667
0.533333
0.54
0.541667
0.543334
0.545
0.546667
0.546667
0.546667
0.546667
0.546667
0.546667
0.546667
0.546667
0.546667
0.546667
0.546667
0.546667
0.546667
0.546667
0.546667
0.546667
0.546667
0.546667
0.546667
0.54
0.54
0.54
0.54
0.54
0.54
0.54
0.54
0.54
0.54
0.54
0.54
0.54
0.54
0.54
0.54
0.54
0.54
0.54
0.54
0.54
0.54
0.54
0.54
0.54
0.536667
0.533333
0.533333
0.533333
0.533333
0.533333
0.533333
0.533333
0.533333
0.533333
0.533333
0.533333
0.533333
0.533333
0.533333
0.533333
0.533333
0.533333
0.533333
0.533333
0.533333
0.533333
0.533333
0.533333
0.533333
0.533333
0.533333
0.533333
0.533333
0.533333
0.533333
0.533333
0.533333
0.533333
0.533333
0.533333
0.533333
0.533333
0.533333
0.533333
0.533333
0.533333
0.533333
0.533333
0.533333
0.533333
0.533333
0.533333
0.533334
0.535
0.536667
0.538334
0.54
0.54
0.54
0.54
0.54
0.639343
0.64001
0.640565
0.641121
0.641676
0.642232
0.642787
0.643343
0.643899
0.644454
0.64501
0.645565
0.646121
0.646676
0.647417
0.648158
0.648899
0.649639
0.65038
0.651121
0.651862
0.652602
0.653343
0.653343
0.653343
0.653343
0.653343
0.653343
0.653343
0.653343
0.653343
0.654677
0.65601
0.657343
0.658677
0.66001
0.661343
0.662677
0.66401
0.665343
0.666677
0.668344
0.67001
0.671677
0.673343
0.674455
0.675566
0.676677
0.677788
0.678899
0.68001
0.683344
0.686677
0.688344
0.690011
0.691677
0.693344
0.696677
0.700011
0.703344
0.706677
0.709535
0.712392
0.715249
0.718106
0.720963
0.723821
0.726678
0.733345
0.740011
0.740011
0.740011
0.741122
0.742234
0.743345
0.744456
0.745567
0.746678
0.746678
0.746678
0.746678
0.746678
0.746678
0.746678
0.746678
0.746678
0.746678
0.746678
0.746678
0.746678
0.746678
0.746678
0.746678
0.746678
0.746678
0.746678
0.746678
0.746678
0.746678
0.746678
0.746678
0.746678
0.746678
0.746678
0.746678
0.746678
0.746678
0.746678
0.746678
0.746678
0.746678
0.746678
0.746678
0.746678
0.746678
0.746678
0.746678
0.746678
0.746678
0.746678
0.746678
0.746678
0.740011
0.741122
0.742234
0.743345
0.744456
0.745567
0.746678
0.746678
0.746678
0.746678
0.746678
0.746678
0.746678
0.746678
0.746678
0.746678
0.746678
0.746678
0.746678
0.746678
0.746678
0.746678
0.746678
0.746678
0.746678
0.746678
0.746678
0.746678
0.746678
0.746678
0.746678
0.746678
0.746678
0.746678
0.746678
0.746679
0.746262
0.745845
0.745428
0.745012
0.744595
0.744178
0.743762
0.743345
0.742928
0.742512
0.742095
0.741678
0.741261
0.740845
0.740428
0.740011
0.740011
0.740011
0.740011
0.740011
0.740011
0.740011
0.740011
0.740011
0.740011
0.740011
0.740011
0.740011
0.740011
0.740011
0.740011
0.740011
0.739619
0.739227
0.738835
0.738442
0.73805
0.737658
0.737266
0.736874
0.736482
0.73609
0.735697
0.735305
0.734913
0.734521
0.734129
0.733737
0.733345
0.732604
0.731863
0.731123
0.730382
0.729641
0.7289
0.728159
0.727419
0.726678
0.725937
0.725196
0.724456
0.723715
0.722974
0.722233
0.721493
0.720752
0.720011
0.719478
0.718944
0.718411
0.717878
0.717344
0.716811
0.716278
0.715744
0.715211
0.714678
0.714144
0.713611
0.713078
0.712544
0.712011
0.711478
0.710944
0.710411
0.709878
0.709344
0.708811
0.708278
0.707744
0.707211
-0.693333
-0.693333
-0.693333
-0.693333
-0.693333
-0.693333
-0.68
-0.68
-0.68
-0.68
-0.68
-0.68
-0.68
-0.68
-0.68
-0.68
-0.68
-0.68
-0.68
-0.68
-0.68
-0.68
-0.68
-0.68
-0.68
-0.68
-0.68
-0.673333
-0.67
-0.666666
-0.666666
-0.666666
-0.666666
-0.666666
-0.666666
-0.666666
-0.666666
-0.666666
-0.666666
-0.666666
-0.666666
-0.666666
0.650598
0.648245
0.645892
0.643539
0.641186
0.638833
0.63648
0.634127
0.631774
0.629421
0.627068
0.624715
0.622362
0.620009
0.618343
0.616676
0.615009
0.613343
0.611676
0.610009
0.608343
0.606676
0.605342
0.604009
0.602676
0.601342
0.600009
0.598676
0.597342
0.596009
0.594676
0.593342
0.592231
0.59112
0.590009
0.588898
0.587787
0.586675
0.584771
0.582866
0.580961
0.579056
0.577151
0.575247
0.573342
0.570009
0.566675
0.566675
0.566675
0.566675
0.566675
0.566675
0.566675
0.567509
0.568342
0.569175
0.570009
0.570842
0.571675
0.572509
0.573342
0.573342
0.573342
0.575009
0.576675
0.578342
0.580009
0.581675
0.583342
0.585009
0.586675
0.586675
0.586676
0.588898
0.59112
0.593342
0.595565
0.597787
0.600009
0.600009
0.600009
0.600009
0.600009
0.600009
0.613333
0.613333
0.613333
0.613333
0.613333
0.613333
0.613333
0.613333
0.613333
0.613333
0.613333
0.613333
0.613333
0.613333
0.613333
0.613333
0.613333
0.613333
0.613333
0.613333
0.613333
0.613333
0.613333
0.613333
0.613333
0.613333
0.613333
0.613333
0.613333
0.613333
0.613333
0.613333
0.613333
0.613333
0.613333
0.613333
0.613333
0.613333
0.613333
0.613333
0.613333
0.613333
0.613333
0.613333
0.613333
0.613333
0.613333
0.613333
0.613333
0.613333
0.613333
0.613333
0.613333
0.613333
0.613333
0.613333
0.613333
0.613333
0.613333
0.613333
0.613333
0.616667
0.62
0.62
0.62
0.62
0.62
0.62
0.62
0.626667
0.633334
0.633334
0.633334
0.636667
0.64
0.64
0.64
0.64
0.64
0.64
0.64
0.64
0.64
0.677629
0.678106
0.678582
0.679058
0.679534
0.68001
0.680963
0.681915
0.682867
0.68382
0.684772
0.685725
0.686677
0.687511
0.688344
0.689177
0.690011
0.690844
0.691677
0.692511
0.693344
0.694177
0.695011
0.695844
0.696677
0.697511
0.698344
0.699177
0.700011
0.700011
0.700011
0.700011
0.700011
0.700011
0.700011
0.700011
0.700011
0.700844
0.701678
0.702511
0.703344
0.704177
0.705011
0.705844
0.706677
0.707789
0.7089
0.710011
0.711122
0.712233
0.713344
0.714085
0.714826
0.715566
0.716307
0.717048
0.717789
0.71853
0.71927
0.720011
0.720011
0.720011
0.720011
0.720011
0.720011
0.45334
0.45334
0.45334
0.456673
0.460007
0.462007
0.464007
0.466007
0.468007
0.470007
0.472007
0.474007
0.476007
0.478007
0.480007
0.481674
0.48334
0.485007
0.486674
0.48834
0.490007
0.491674
0.493341
0.495007
0.496674
0.498341
0.500007
0.50096
0.501912
0.502864
0.503817
0.504769
0.505722
0.506674
0.508896
0.511119
0.513341
0.515563
0.517785
0.520008
0.52223
0.524452
0.526675
0.528897
0.531119
0.533341
0.535159
0.536977
0.538795
0.540614
0.542432
0.54425
0.546068
0.547887
0.549705
0.551523
0.553341
0.55516
0.556978
0.558796
0.560614
0.562432
0.564251
0.566069
0.567887
0.569705
0.571524
0.573342
0.575564
0.577787
0.580009
0.582231
0.584453
0.586675
0.587628
0.58858
0.589533
0.590485
-0.633333
-0.633333
-0.633333
-0.633333
-0.633333
-0.633333
-0.633333
-0.633333
-0.633333
-0.63
-0.626666
-0.626666
-0.626666
-0.626666
-0.626666
-0.626666
-0.626666
-0.626666
-0.626666
-0.626666
-0.626666
-0.626666
-0.626666
-0.626666
-0.626666
-0.626666
-0.626666
-0.626666
-0.626666
-0.626666
-0.626666
-0.626666
-0.626666
-0.626666
-0.626666
-0.626666
-0.626666
-0.626666
-0.626666
-0.626666
